grad_testloss: -0.8930
grad_TrainingLoss: 2.1795752 1.9900138 1.7651719 1.5309553 1.299499 1.0763804 0.86448056 0.6659747 0.48269764 0.31604308 0.16685098 0.035280902 -0.0793466 -0.17866254 -0.26514253 -0.34164643 -0.41074577 -0.47420943 -0.5328806 -0.58687764 -0.6359321 -0.67970973 -0.71803594 -0.75099903 -0.7789427 -0.80238605 -0.82192004 -0.8381195 -0.85148937 -0.8624441 -0.8713117 -0.87835354 -0.8837873 -0.8878101 -0.8906132 -0.8923872 -0.8933228 -0.89361095 -0.8934439 -0.89300936 -0.8924712 -0.8919519 -0.89152926 -0.8912448 -0.89111537 -0.89114165 -0.8913124 -0.8916081 -0.8920018 -0.892462 -0.8929545
